0.500000
0.507141
0.475174
0.488754
0.497894
0.495743
0.490829
0.499176
0.526367
0.477921
0.427628
0.566055
0.446091
0.480362
0.538284
0.457443
0.569824
0.438385
0.553162
0.455078
0.510574
0.399261
0.517349
0.521805
0.483200
0.515427
0.472443
0.567276
0.487747
0.518677
0.469360
0.484192
0.492981
0.502411
0.526596
0.458923
0.552109
0.433304
0.575378
0.572296
0.473053
0.467972
0.414124
0.422424
0.490372
0.602463
0.488708
0.528305
0.492538
0.485428
0.458038
0.507111
0.509232
0.518387
0.596649
0.475449
0.460632
0.494781
0.499146
0.480972
0.474442
0.479462
0.488510
0.519012
0.524734
0.505508
0.519867
0.449646
0.488144
0.467209
0.515808
0.474655
0.619904
0.489014
0.527328
0.468277
0.514389
0.452698
0.469711
0.518936
0.492233
0.504532
0.509003
0.517502
0.539505
0.549210
0.518494
0.492706
0.510925
0.513214
0.540039
0.513275
0.462006
0.467148
0.556702
0.528671
0.503250
0.523407
0.488464
0.468979
0.519623
0.474625
0.477249
0.507202
0.496201
0.522095
0.476486
0.485794
0.506241
0.523514
0.514511
0.496582
0.513824
0.499512
0.491058
0.487762
0.505447
0.508362
0.513504
0.501572
0.452103
0.490433
0.458252
0.510818
0.492645
0.504303
0.483093
0.447678
0.517319
0.431549
0.560577
0.473785
0.519363
0.481888
0.500351
0.505356
0.494537
0.491653
0.490753
0.518173
0.533310
0.520325
0.460876
0.505203
0.477264
0.485367
0.514236
0.490189
0.519821
0.500046
0.507034
0.496628
0.503281
0.487549
0.516037
0.509628
0.495132
0.501419
0.503983
0.494507
0.470551
0.518921
0.452042
0.499680
0.531128
0.493469
0.532928
0.498825
0.496979
0.482941
0.508896
0.497528
0.493805
0.501511
0.493317
0.495132
0.551804
0.494125
0.536057
0.483536
0.475601
0.482239
0.475235
0.515945
0.503387
0.476379
0.496445
0.537796
0.491165
0.507156
0.495697
0.489609
0.525543
0.502396
0.524399
0.487259
0.497192
0.478638
0.499313
0.485245
0.477722
0.527573
0.524078
0.468948
0.508942
0.529785
0.509628
0.515381
0.444534
0.497177
0.515198
0.467606
0.430496
0.533508
0.490219
0.507278
0.542343
0.507278
0.471863
0.490402
0.494766
0.464203
0.458984
0.514725
0.514755
0.479248
0.491486
0.491882
0.488144
0.494034
0.563004
0.509598
0.549576
0.453522
0.479462
0.495682
0.546234
0.512787
0.592850
0.502274
0.572922
0.474472
0.462738
0.427368
0.554047
0.507050
0.476883
0.491943
0.528061
0.512497
0.503220
0.572281
0.517105
0.506149
0.467972
0.496262
0.544373
0.489044
0.534073
0.488251
0.504166
0.505722
0.520248
0.473862
0.493576
0.496246
0.507965
0.517197
0.464752
0.495132
0.493408
0.504166
0.510361
0.498642
0.465149
0.485962
0.509903
0.524719
0.483002
0.490585
0.497437
0.493423
0.485794
0.496155
0.481750
0.512512
0.509048
0.489319
0.480453
0.522659
0.498413
0.487839
0.502853
0.505463
0.474030
0.514847
0.468124
0.505005
0.491272
0.480713
0.518784
0.489624
0.511490
0.487671
0.514099
0.486740
0.535629
0.491241
0.491241
0.504517
0.488419
0.500854
0.473724
0.509979
0.489288
0.519363
0.487274
0.508652
0.509735
0.473297
0.503235
0.453506
0.506790
0.503082
0.503922
0.511856
0.481064
0.501114
0.502945
0.480713
0.484222
0.520782
0.504990
0.481323
0.509583
0.512970
0.504639
0.512787
0.499557
0.488312
0.541458
0.512772
0.526291
0.494827
0.497726
0.483948
0.528748
0.497681
0.514511
0.471664
0.489838
0.505234
0.513062
0.514526
0.484909
0.489609
0.478531
0.512741
0.494995
0.525513
0.503418
0.508667
0.502899
0.490891
0.494003
0.461411
0.509552
0.496017
0.514648
0.497787
0.487839
0.506073
0.511276
0.486404
0.481628
0.526855
0.469101
0.537842
0.476059
0.517044
0.483124
0.509766
0.503860
0.508835
0.505127
0.493057
0.506836
0.486725
0.484741
0.498322
0.498505
0.505798
0.505585
0.505035
0.499680
0.496735
0.510513
0.477509
0.542297
0.473145
0.474304
0.487610
0.504578
0.505203
0.498352
0.504044
0.475998
0.480789
0.499710
0.500504
0.470291
0.513412
0.474106
0.508652
0.489990
0.495483
0.489288
0.479004
0.510361
0.474609
0.516830
0.479660
0.528427
0.493500
0.519211
0.499207
0.488281
0.502747
0.472137
0.515793
0.489548
0.507065
0.474136
0.510651
0.513840
0.476776
0.496567
0.512741
0.485764
0.491302
0.497116
0.525253
0.469177
0.524506
0.519241
0.513092
0.501450
0.517914
0.499802
0.489395
0.511932
0.530624
0.478317
0.506546
0.491455
0.506302
0.508057
0.480042
0.467087
0.481079
0.516235
0.456268
0.507797
0.490112
0.531387
0.503906
0.550034
0.501663
0.463196
0.514496
0.441376
0.531967
0.503479
0.511810
0.505661
0.507980
0.479813
0.490417
0.481949
0.477097
0.517624
0.489670
0.502304
0.453156
0.469482
0.464981
0.493179
0.505173
0.512802
0.509079
0.494629
0.482483
0.474960
0.543335
0.528870
0.508331
0.486893
0.486908
0.495880
0.515305
0.493607
0.496887
0.529373
0.530579
0.551041
0.488205
0.505157
0.473022
0.516907
0.505676
0.488678
0.493271
0.516174
0.513367
0.510895
0.499985
0.487930
0.479218
0.500687
0.473129
0.493713
0.467743
0.532013
0.501587
0.528549
0.489792
0.524338
0.467438
0.461746
0.484055
0.445053
0.518875
0.480408
0.556870
0.511047
0.554230
0.436523
0.465637
0.478256
0.500427
0.509079
0.497299
0.522385
0.492599
0.542923
0.485428
0.480545
0.536484
0.502335
0.481705
0.491196
0.485519
0.491653
0.495071
0.511337
0.536682
0.531799
0.513260
0.525055
0.541702
0.506744
0.512650
0.479752
0.517487
0.509644
0.481430
0.489059
0.551727
0.442764
0.501343
0.545471
0.477066
0.495651
0.501190
0.502884
0.530441
0.480988
0.488297
0.517029
0.475174
0.484451
0.499878
0.487534
0.502289
0.496109
0.496399
0.516388
0.493149
0.509415
0.492416
0.489273
0.488785
0.501877
0.502625
0.490189
0.520599
0.507889
0.506241
0.507065
0.498108
0.495438
0.472839
0.492554
0.528656
0.505249
0.527252
0.529480
0.510742
0.500778
0.503296
0.481216
0.478683
0.499390
0.502533
0.512390
0.487564
0.515900
0.520386
0.474411
0.485275
0.504730
0.480637
0.506668
0.501755
0.499542
0.532654
0.484634
0.497650
0.529495
0.477448
0.499359
0.530075
0.481766
0.488129
0.496292
0.483429
0.518097
0.492096
0.512268
0.516479
0.494415
0.497620
0.514496
0.490265
0.498917
0.506424
0.470184
0.511719
0.517776
0.500092
0.536011
0.515427
0.482880
0.506683
0.516068
0.474792
0.458176
0.497742
0.469482
0.499908
0.512573
0.518204
0.501587
0.534729
0.494431
0.471313
0.494202
0.480484
0.493912
0.507492
0.525787
0.543793
0.499084
0.508270
0.474747
0.495911
0.472458
0.497009
0.473389
0.512207
0.527817
0.505096
0.512131
0.480820
0.507614
0.476517
0.526047
0.480728
0.535812
0.491241
0.511093
0.554535
0.530624
0.544586
0.472595
0.505524
0.486862
0.504456
0.479233
0.474701
0.499405
0.506012
0.553802
0.507309
0.537277
0.474243
0.491440
0.483246
0.501038
0.484726
0.441223
0.479523
0.455139
0.500443
0.491791
0.504669
0.485214
0.514618
0.519699
0.529053
0.523117
0.463623
0.511826
0.486328
0.496521
0.473221
0.510864
0.474274
0.519974
0.504547
0.490082
0.493668
0.493469
0.488083
0.477768
0.492783
0.488907
0.499512
0.507614
0.487457
0.525818
0.475769
0.511398
0.473145
0.483902
0.515564
0.535141
0.520370
0.469482
0.531754
0.463623
0.536392
0.523193
0.514740
0.443878
0.480438
0.495651
0.500397
0.531189
0.531586
0.588928
0.533936
0.545807
0.512283
0.468719
0.500687
0.490952
0.473755
0.482330
0.495636
0.531372
0.480911
0.540375
0.507767
0.433472
0.510223
0.506195
0.464310
0.460632
0.457962
0.568314
0.533081
0.501755
0.526810
0.512100
0.512253
0.472229
0.514343
0.501282
0.503738
0.481369
0.547379
0.522202
0.499115
0.495193
0.492218
0.500610
0.483658
0.477997
0.514908
0.486893
0.492981
0.515320
0.514328
0.487717
0.488617
0.490616
0.457703
0.488327
0.500702
0.491241
0.511993
0.540802
0.474503
0.504028
0.480087
0.503204
0.475403
0.484711
0.514771
0.489655
0.510284
0.544556
0.499680
0.497360
0.510590
0.502014
0.488297
0.476105
0.509842
0.498428
0.503677
0.500305
0.554016
0.462936
0.480560
0.481995
0.501724
0.479309
0.500519
0.511795
0.512680
0.496658
0.489822
0.527557
0.490555
0.493912
0.527039
0.500595
0.496536
0.489471
0.477798
0.511017
0.482193
0.483994
0.527084
0.511124
0.501587
0.482819
0.519150
0.498764
0.484070
0.513489
0.502258
0.512009
0.503342
0.504562
0.511139
0.502029
0.506653
0.495789
0.505325
0.521713
0.519653
0.510300
0.502975
0.490082
0.474457
0.467133
0.472092
0.461258
0.494690
0.520508
0.518280
0.501770
0.509216
0.486725
0.481918
0.496613
0.478607
0.527863
0.497925
0.513565
0.484848
0.521240
0.498352
0.479202
0.529907
0.483551
0.510605
0.467072
0.550964
0.506332
0.527847
0.456772
0.491776
0.492981
0.529526
0.572800
0.488159
0.526062
0.442032
0.501480
0.491531
0.509384
0.494659
0.470947
0.438110
0.492737
0.555328
0.434738
0.500336
0.463013
0.524475
0.491043
0.485184
0.525726
0.514511
0.496170
0.459564
0.515381
0.495605
0.449051
0.450150
0.519302
0.467255
0.528275
0.530457
0.515213
0.498383
0.505646
0.473114
0.469711
0.524231
0.441818
0.584000
0.505096
0.504608
0.491974
0.469269
0.523972
0.483688
0.473892
0.535019
0.548447
0.440399
0.494751
0.541779
0.503265
0.523911
0.465881
0.499268
0.472610
0.511963
0.472305
0.508377
0.521317
0.498001
0.501968
0.477798
0.511749
0.467590
0.526672
0.495453
0.519302
0.503372
0.512268
0.505051
0.482407
0.509567
0.473434
0.516693
0.496338
0.493683
0.497757
0.492493
0.512939
0.480286
0.484711
0.505295
0.492172
0.492004
0.506226
0.497391
0.517792
0.504715
0.482758
0.531830
0.525665
0.564514
0.524445
0.467773
0.439804
0.565720
0.496246
0.484741
0.485062
0.510391
0.489807
0.463226
0.515182
0.472610
0.508453
0.462006
0.482681
0.492035
0.480026
0.433426
0.569168
0.524963
0.479279
0.452759
0.473068
0.511826
0.498444
0.465988
0.525757
0.544907
0.459106
0.493835
0.452332
0.525528
0.510040
0.510635
0.529221
0.537796
0.498489
0.475220
0.517365
0.513397
0.465439
0.514328
0.547333
0.533051
0.537491
0.505463
0.445251
0.531113
0.449677
0.465363
0.543930
0.550110
0.503113
0.548203
0.478226
0.529495
0.503128
0.501099
0.455521
0.521194
0.504990
0.520233
0.514526
0.480957
0.473557
0.477112
0.515274
0.530579
0.503128
0.517303
0.478363
0.514908
0.474060
0.507599
0.459732
0.498062
0.500534
0.524307
0.517075
0.495758
0.512558
0.469147
0.510925
0.473526
0.502014
0.487915
0.514496
0.526291
0.493713
0.502716
0.479187
0.515320
0.486694
0.493073
0.509766
0.488159
0.493500
0.530411
0.484573
0.490677
0.529526
0.485748
0.485092
0.521362
0.494019
0.476852
0.605759
0.582031
0.541702
0.449890
0.459656
0.492477
0.548981
0.493500
0.488495
0.527985
0.443222
0.457458
0.540466
0.520157
0.441925
0.508606
0.462738
0.495316
0.533646
0.482971
0.501404
0.517380
0.529907
0.493668
0.510529
0.456802
0.498535
0.491119
0.478119
0.488785
0.520203
0.462585
0.520523
0.492661
0.495285
0.474960
0.526260
0.484451
0.467300
0.492584
0.507675
0.502930
0.539337
0.484131
0.531036
0.518494
0.488541
0.525818
0.472244
0.505753
0.512848
0.446518
0.475235
0.495453
0.508575
0.557755
0.559265
0.427658
0.487305
0.514236
0.501541
0.529449
0.496017
0.465622
0.486603
0.530304
0.481567
0.507919
0.514587
0.508942
0.466690
0.506744
0.467972
0.483795
0.518845
0.405777
0.454224
0.518417
0.473022
0.553101
0.561188
0.481537
0.465515
0.460388
0.436966
0.490280
0.501648
0.499786
0.517319
0.483459
0.478119
0.491791
0.525650
0.477219
0.479599
0.517517
0.486923
0.427032
0.528961
0.530319
0.453384
0.490280
0.548401
0.489166
0.479736
0.543625
0.463577
0.481583
0.477371
0.482239
0.535248
0.546402
0.467773
0.526001
0.522934
0.515717
0.484741
0.512909
0.477219
0.496490
0.479904
0.507507
0.485138
0.505737
0.508438
0.484451
0.540390
0.483688
0.500366
0.497406
0.505188
0.444504
0.508011
0.513977
0.499466
0.516510
0.503052
0.497177
0.480591
0.501297
0.469299
0.506897
0.509766
0.487228
0.523422
0.506973
0.512070
0.504089
0.493378
0.499268
0.515640
0.506821
0.487610
0.493805
0.488327
0.487976
0.527893
0.524673
0.505310
0.500793
0.477280
0.477249
0.460922
0.501892
0.513916
0.502182
0.535645
0.488892
0.513046
0.502640
0.473785
0.494766
0.495697
0.493256
0.518097
0.488266
0.505051
0.477005
0.515457
0.463989
0.537903
0.518097
0.490021
0.522476
0.497116
0.507202
0.478058
0.486908
0.464081
0.503922
0.483139
0.488861
0.515518
0.485992
0.501999
0.486328
0.500107
0.488770
0.543976
0.493942
0.498199
0.523697
0.490372
0.448669
0.504776
0.507538
0.476761
0.477676
0.513412
0.516846
0.485825
0.504944
0.517075
0.505951
0.483032
0.472702
0.487961
0.474091
0.522827
0.567551
0.514771
0.495209
0.477554
0.528976
0.469528
0.500885
0.486298
0.501663
0.494324
0.486496
0.518524
0.570633
0.560608
0.420975
0.493439
0.458939
0.504211
0.465149
0.499084
0.531845
0.514999
0.552887
0.501633
0.530350
0.460175
0.466599
0.479767
0.501892
0.494537
0.497070
0.471985
0.447021
0.494263
0.506424
0.515121
0.510193
0.542511
0.540222
0.510773
0.495499
0.498016
0.498413
0.509567
0.483154
0.477859
0.476761
0.499680
0.524033
0.520874
0.479065
0.492722
0.501602
0.502701
0.463120
0.497482
0.498810
0.495453
0.497543
0.487869
0.504608
0.504211
0.505371
0.502243
0.502380
0.485947
0.513199
0.466751
0.503815
0.479660
0.491104
0.494614
0.508636
0.544006
0.482132
0.527405
0.501617
0.515564
0.489120
0.482819
0.502441
0.545654
0.530792
0.489822
0.496033
0.477753
0.522598
0.466064
0.482910
0.473450
0.529373
0.531921
0.506134
0.520920
0.510193
0.456772
0.504028
0.486679
0.500534
0.499390
0.511902
0.503525
0.498230
0.499954
0.512802
0.460754
0.500748
0.541901
0.485672
0.529465
0.493744
0.458725
0.425797
0.493744
0.508713
0.510483
0.453705
0.503845
0.493240
0.508087
0.476318
0.490448
0.531860
0.492111
0.483231
0.539871
0.496063
0.510101
0.482742
0.502441
0.490677
0.497803
0.499878
0.491348
0.497086
0.515488
0.467667
0.518097
0.502014
0.476303
0.498596
0.490051
0.511597
0.499161
0.476196
0.497650
0.456345
0.513565
0.507782
0.472336
0.469925
0.498962
0.507309
0.452423
0.519714
0.529526
0.476303
0.503769
0.491898
0.485535
0.524307
0.469147
0.465546
0.550461
0.506927
0.469925
0.487595
0.500305
0.521408
0.481766
0.490250
0.506744
0.478226
0.512161
0.510727
0.496216
0.502380
0.470947
0.478317
0.531693
0.478577
0.504532
0.522018
0.506500
0.492172
0.499649
0.480850
0.505829
0.499161
0.484436
0.525101
0.492477
0.490021
0.531342
0.477936
0.500870
0.488235
0.493484
0.488205
0.489624
0.489319
0.515533
0.516281
0.531433
0.485443
0.506775
0.470535
0.495773
0.471176
0.539917
0.521027
0.472168
0.517853
0.511154
0.488373
0.505280
0.517975
0.465820
0.510742
0.474365
0.526093
0.493652
0.508743
0.493423
0.488586
0.516708
0.482910
0.512344
0.487076
0.516830
0.504471
0.522568
0.576569
0.470169
0.539139
0.460892
0.502838
0.541260
0.583969
0.457382
0.525406
0.528214
0.514969
0.470978
0.433136
0.525558
0.518829
0.535904
0.482529
0.527267
0.448410
0.488785
0.494843
0.469788
0.533127
0.509628
0.548477
0.530121
0.545731
0.467651
0.479218
0.504974
0.508835
0.495941
0.489151
0.500473
0.499939
0.535950
0.506973
0.510574
0.453537
0.522354
0.527710
0.513168
0.486328
0.500137
0.478180
0.485489
0.510040
0.481491
0.483673
0.505554
0.502029
0.490128
0.474365
0.503662
0.527252
0.506714
0.531815
0.462021
0.507111
0.470367
0.480347
0.444061
0.491821
0.511765
0.523361
0.481934
0.513443
0.468674
0.460571
0.509872
0.455917
0.490280
0.453156
0.455063
0.518021
0.478180
0.511520
0.521652
0.552597
0.510818
0.521866
0.510452
0.484680
0.479767
0.490997
0.500366
0.514313
0.486862
0.487427
0.493652
0.486954
0.497589
0.540985
0.423752
0.524094
0.532654
0.581711
0.531601
0.444870
0.531357
0.524399
0.450089
0.523590
0.494568
0.511154
0.461151
0.495987
0.525650
0.505051
0.465302
0.514374
0.501160
0.473282
0.485641
0.498398
0.517609
0.486023
0.481461
0.528992
0.503342
0.474808
0.482422
0.496094
0.490387
0.483215
0.501556
0.513672
0.486862
0.491898
0.513016
0.474075
0.519226
0.490753
0.506729
0.471664
0.501923
0.505692
0.505325
0.494720
0.493881
0.489227
0.440475
0.515244
0.478378
0.501617
0.516510
0.515839
0.496460
0.489990
0.542572
0.460281
0.461670
0.507065
0.499908
0.486237
0.518585
0.491547
0.515854
0.492203
0.476257
0.514175
0.484955
0.470032
0.520248
0.520416
0.514343
0.511017
0.496979
0.518051
0.479218
0.468018
0.496002
0.500198
0.499847
0.497253
0.523911
0.502441
0.484558
0.517029
0.471054
0.476105
0.498276
0.484009
0.493530
0.524536
0.530746
0.490601
0.498032
0.498917
0.524963
0.521393
0.514969
0.504272
0.511856
0.496582
0.508331
0.493347
0.500366
0.507812
0.498611
0.504456
0.497742
0.541641
0.488205
0.497086
0.487747
0.490631
0.487274
0.523819
0.508453
0.502396
0.532333
0.483597
0.516098
0.482147
0.524551
0.500702
0.477158
0.464615
0.485168
0.518280
0.492493
0.523102
0.480072
0.490570
0.439102
0.540497
0.461563
0.522202
0.509689
0.504684
0.518784
0.488815
0.490646
0.494003
0.543839
0.477982
0.517944
0.477432
0.527740
0.505066
0.524368
0.488464
0.463943
0.501419
0.408371
0.484756
0.502060
0.503387
0.494553
0.524963
0.521805
0.490738
0.516647
0.536728
0.534103
0.522186
0.488144
0.465820
0.464111
0.512909
0.467865
0.501999
0.518494
0.500549
0.514191
0.503189
0.476944
0.533783
0.477310
0.504639
0.447601
0.499084
0.467453
0.559753
0.457611
0.551743
0.511581
0.501938
0.526108
0.416275
0.515274
0.492767
0.511414
0.494720
0.561920
0.437881
0.485748
0.545761
0.485962
0.463074
0.514847
0.483841
0.483444
0.569458
0.433853
0.505539
0.545822
0.474823
0.528076
0.523499
0.532501
0.517075
0.501633
0.509155
0.493347
0.471039
0.492523
0.501801
0.512436
0.569992
0.449722
0.559799
0.486664
0.585403
0.455627
0.512115
0.445786
0.510452
0.495102
0.489700
0.515793
0.508392
0.552948
0.477402
0.509460
0.485458
0.488586
0.455505
0.519699
0.498352
0.481186
0.521164
0.499802
0.518219
0.485367
0.513641
0.503296
0.521805
0.538208
0.507065
0.501251
0.494064
0.513931
0.509460
0.533173
0.529419
0.547684
0.484879
0.490555
0.485321
0.477554
0.526627
0.496658
0.514954
0.463852
0.507156
0.507370
0.490311
0.429855
0.537750
0.542145
0.492203
0.504395
0.450562
0.533554
0.451645
0.413055
0.496994
0.463821
0.521332
0.513351
0.495087
0.494492
0.489944
0.490707
0.485977
0.503067
0.524857
0.467972
0.516525
0.494614
0.517380
0.509995
0.496399
0.510086
0.489456
0.517731
0.482605
0.529755
0.497162
0.509232
0.500732
0.505936
0.510468
0.500229
0.523529
0.477875
0.518372
0.483490
0.510269
0.504913
0.504425
0.499191
0.485931
0.506424
0.476608
0.523163
0.486267
0.497620
0.510910
0.488953
0.483078
0.487717
0.484009
0.507980
0.505081
0.519043
0.459686
0.471466
0.491760
0.470169
0.516815
0.545273
0.522949
0.502380
0.496765
0.467270
0.512543
0.524445
0.470963
0.502914
0.500198
0.478012
0.565002
0.527405
0.470428
0.512512
0.496506
0.440247
0.494141
0.565140
0.519989
0.403183
0.471008
0.541367
0.497253
0.484283
0.503220
0.474411
0.467072
0.487061
0.502426
0.505447
0.506348
0.497864
0.475876
0.493896
0.502640
0.523193
0.495300
0.474609
0.508575
0.478119
0.508438
0.512115
0.485275
0.502579
0.505341
0.494934
0.494980
0.512405
0.492905
0.475327
0.516800
0.495346
0.560638
0.526260
0.497116
0.441879
0.514175
0.507004
0.505951
0.524307
0.500320
0.469040
0.507690
0.514069
0.560532
0.485580
0.497543
0.452423
0.513245
0.491913
0.459991
0.533615
0.484604
0.499161
0.547363
0.508362
0.492310
0.506851
0.518372
0.460449
0.515167
0.512848
0.494919
0.480606
0.498291
0.470612
0.479935
0.536316
0.457001
0.524796
0.498901
0.558640
0.546997
0.482864
0.513321
0.568161
0.457108
0.487869
0.550430
0.468994
0.494736
0.513535
0.491440
0.459259
0.529770
0.531509
0.517120
0.511993
0.466797
0.490585
0.476288
0.480698
0.459290
0.554291
0.460602
0.497864
0.559769
0.464035
0.508698
0.462906
0.472763
0.469498
0.546738
0.492798
0.528687
0.525818
0.483887
0.512741
0.484863
0.497253
0.480591
0.532776
0.474121
0.506821
0.499954
0.479431
0.537949
0.518982
0.497208
0.473618
0.517075
0.467133
0.505508
0.498672
0.479126
0.529617
0.501205
0.470078
0.491089
0.493225
0.460419
0.498016
0.509796
0.483627
0.522324
0.535522
0.493515
0.515106
0.530365
0.496017
0.447784
0.495392
0.455078
0.513977
0.524307
0.488297
0.514862
0.509735
0.479324
0.525406
0.500076
0.503372
0.503967
0.534088
0.516266
0.548904
0.470627
0.495041
0.473648
0.532593
0.480560
0.542175
0.511688
0.499252
0.529465
0.477753
0.519623
0.466202
0.526443
0.455811
0.511993
0.467346
0.481766
0.498596
0.487640
0.486694
0.468201
0.526520
0.490433
0.500717
0.504654
0.501221
0.480957
0.490448
0.482513
0.491516
0.530548
0.481888
0.504822
0.529221
0.465286
0.466980
0.469284
0.462250
0.490921
0.521576
0.552368
0.548813
0.535889
0.518097
0.568222
0.516602
0.520859
0.365234
0.538895
0.493179
0.500168
0.568359
0.523331
0.577499
0.409760
0.482849
0.415939
0.494446
0.418442
0.496780
0.521332
0.559250
0.513428
0.445694
0.492447
0.406647
0.500946
0.483414
0.549408
0.585083
0.499481
0.489792
0.488739
0.509308
0.413986
0.534103
0.511429
0.467773
0.526581
0.514099
0.548691
0.414948
0.479370
0.403244
0.499496
0.469894
0.435715
0.520157
0.559814
0.509613
0.569794
0.495010
0.555206
0.616959
0.450348
0.496979
0.463577
0.595520
0.591766
0.578354
0.449356
0.515839
0.506866
0.513550
0.526703
0.622162
0.500473
0.544250
0.424622
0.421188
0.534348
0.395386
0.475754
0.426590
0.462814
0.399048
0.558044
0.406281
0.640610
0.525269
0.422516
0.406296
0.602829
0.280930
0.495850
0.433029
0.345093
0.401520
0.601334
0.511276
0.656067
0.605347
0.560532
0.508209
0.591446
0.558411
0.330200
0.388321
0.491333
0.528870
0.456253
0.565155
0.487564
0.518997
0.575027
0.581024
0.538513
0.306229
0.460220
0.594391
0.505096
0.381149
0.533966
0.530991
0.570877
0.597214
0.348404
0.389664
0.516281
0.384827
0.530289
0.556549
0.489441
0.517883
0.483765
0.427521
0.249496
0.491867
0.248184
0.582413
0.462967
0.432541
0.599609
0.433380
0.541168
0.379257
0.543304
0.410507
0.484360
0.629349
0.505035
0.527084
0.434952
0.514832
0.379227
0.564301
0.535339
0.588669
0.515076
0.444748
0.402908
0.440506
0.433167
0.679810
0.745575
0.383377
0.290756
0.454453
0.542847
0.575989
0.533035
0.427109
0.584915
0.551773
0.442291
0.387665
0.420776
0.572678
0.625351
0.529572
0.601547
0.610657
0.282669
0.609741
0.458694
0.410858
0.423477
0.498627
0.552246
0.565048
0.450714
0.500504
0.636719
0.487869
0.457901
0.326172
0.539093
0.560455
0.508698
0.613602
0.464798
0.394089
0.441605
0.437317
0.575729
0.695358
0.467621
0.525711
0.542328
0.431107
0.430466
0.494507
0.480972
0.446625
0.521912
0.638992
0.518600
0.430099
0.551117
0.716232
0.510391
0.471069
0.552170
0.343124
0.425552
0.597427
0.572159
0.597244
0.370941
0.390396
0.488480
0.585373
0.576553
0.520859
0.501953
0.342377
0.449249
0.468033
0.630402
0.458618
0.447220
0.402466
0.373077
0.572769
0.355148
0.346451
0.537491
0.490616
0.384720
0.743286
0.491623
0.481110
0.476669
0.557999
0.450363
0.499039
0.611343
0.501816
0.354706
0.440948
0.495270
0.503967
0.489685
0.444794
0.484589
0.508102
0.536789
0.410645
0.523941
0.576691
0.335800
0.478088
0.267136
0.663132
0.661087
0.499161
0.477066
0.337463
0.597473
0.460953
0.554626
0.498993
0.422989
0.452774
0.483536
0.553345
0.432922
0.513992
0.467819
0.477692
0.494644
0.544785
0.505356
0.497742
0.417496
0.538269
0.582916
0.610764
0.372620
0.589783
0.595871
0.494019
0.486145
0.588989
0.389404
0.488419
0.643250
0.399368
0.510330
0.519470
0.507919
0.523178
0.442337
0.500198
0.554688
0.551102
0.558960
0.539154
0.467178
0.585205
0.576385
0.566376
0.342926
0.628906
0.488297
0.456818
0.479019
0.458176
0.555588
0.596893
0.532837
0.451233
0.646149
0.500198
0.557739
0.392349
0.423935
0.780121
0.598312
0.481491
0.571091
0.580322
0.568146
0.562302
0.495468
0.515396
0.403580
0.340836
0.578110
0.472382
0.246231
0.494385
0.400879
0.461441
0.663834
0.407303
0.452240
0.671371
0.384857
0.610123
0.646744
0.357849
0.580688
0.481583
0.721741
0.573395
0.542175
0.523361
0.490952
0.498199
0.426895
0.576645
0.467285
0.607239
0.708603
0.397491
0.647369
0.459671
0.519974
0.371719
0.642853
0.402771
0.463913
0.569351
0.445801
0.493423
0.524307
0.433517
0.561157
0.515060
0.403412
0.455582
0.547989
0.392242
0.604156
0.475250
0.376022
0.705231
0.528214
0.537231
0.411682
0.243149
0.537415
0.467056
0.409271
0.526031
0.611862
0.569138
0.585327
0.403854
0.298767
0.590271
0.463745
0.469833
0.494598
0.666061
0.342529
0.595551
0.320572
0.546051
0.407639
0.577057
0.685837
0.561127
0.636536
0.567535
0.690048
0.346054
0.435577
0.611435
0.468277
0.663162
0.460480
0.498428
0.573410
0.292511
0.603714
0.571838
0.332108
0.517792
0.442780
0.530579
0.596954
0.370239
0.583817
0.662598
0.313019
0.488144
0.683899
0.500259
0.448257
0.460556
0.529343
0.579269
0.388184
0.592819
0.622757
0.384766
0.463623
0.501160
0.420853
0.637894
0.471954
0.690598
0.606934
0.510483
0.561279
0.470581
0.457123
0.449249
0.513321
0.486862
0.514923
0.463440
0.501801
0.608124
0.536621
0.384644
0.532532
0.455200
0.420471
0.470016
0.472427
0.529633
0.440002
0.438705
0.604141
0.527832
0.308304
0.479675
0.559677
0.590714
0.389389
0.472565
0.533417
0.713715
0.368332
0.449646
0.547897
0.482559
0.507889
0.418030
0.513016
0.394989
0.501389
0.464676
0.673737
0.526855
0.511703
0.465958
0.582581
0.487839
0.373856
0.589752
0.499512
0.630844
0.512650
0.518921
0.461472
0.513977
0.512802
0.394760
0.562195
0.472900
0.612656
0.458298
0.613983
0.557816
0.402908
0.454285
0.376678
0.380844
0.387207
0.696808
0.584213
0.403946
0.375366
0.588364
0.487030
0.481857
0.429214
0.584106
0.617126
0.292786
0.506424
0.736649
0.348785
0.441727
0.543808
0.478012
0.448135
0.372360
0.537567
0.497498
0.501541
0.567688
0.620712
0.335190
0.619949
0.518570
0.625824
0.540771
0.487610
0.558029
0.598465
0.542358
0.517639
0.437119
0.506851
0.536072
0.535461
0.449402
0.653320
0.447723
0.352524
0.521759
0.524963
0.439987
0.496262
0.453369
0.534683
0.540894
0.435440
0.384766
0.400818
0.563385
0.569046
0.321808
0.447937
0.665512
0.402695
0.373032
0.447388
0.511444
0.357437
0.542419
0.462357
0.615860
0.435791
0.365570
0.638214
0.636673
0.498657
0.558945
0.548477
0.427948
0.587494
0.466690
0.525574
0.404922
0.366577
0.677429
0.462234
0.703598
0.387726
0.496368
0.598602
0.563614
0.448990
0.550079
0.620056
0.500977
0.484940
0.607712
0.556595
0.300171
0.456711
0.415451
0.498077
0.470108
0.456879
0.575775
0.539261
0.435989
0.559082
0.355392
0.685699
0.468369
0.414856
0.338028
0.510376
0.417542
0.532959
0.564087
0.574997
0.540268
0.460220
0.439270
0.471481
0.553726
0.528885
0.541931
0.541611
0.441620
0.455704
0.485657
0.512268
0.515320
0.618698
0.518463
0.480896
0.509903
0.635513
0.504486
0.607101
0.301910
0.574677
0.629196
0.500320
0.495956
0.507889
0.379639
0.584900
0.493362
0.455078
0.396515
0.546921
0.450867
0.460510
0.561172
0.416458
0.375031
0.557953
0.602539
0.409988
0.567642
0.495026
0.477859
0.645737
0.565125
0.402985
0.598328
0.412247
0.493713
0.555313
0.469574
0.514313
0.528168
0.507355
0.395325
0.516861
0.508499
0.504211
0.522598
0.554779
0.453568
0.473160
0.454422
0.565353
0.577179
0.531525
0.441132
0.481140
0.540588
0.304977
0.482407
0.498001
0.380600
0.498734
0.539505
0.376968
0.605179
0.591370
0.404633
0.508972
0.496857
0.402237
0.419800
0.559570
0.405457
0.503723
0.504776
0.435699
0.551544
0.397171
0.477112
0.469284
0.290222
0.696106
0.613831
0.541168
0.594070
0.411407
0.454681
0.543381
0.288544
0.447418
0.680298
0.466354
0.633652
0.509918
0.553452
0.677353
0.369598
0.401825
0.540802
0.443863
0.440048
0.555527
0.468628
0.553833
0.486160
0.500122
0.390137
0.494766
0.612320
0.630737
0.368164
0.384064
0.581360
0.515640
0.474548
0.553360
0.324310
0.322205
0.714584
0.352646
0.530197
0.502731
0.342880
0.448441
0.524887
0.595963
0.639923
0.514832
0.412430
0.583771
0.526093
0.580170
0.724472
0.426865
0.486511
0.632339
0.553711
0.307129
0.394363
0.507553
0.459686
0.590042
0.457214
0.461075
0.490646
0.446686
0.511642
0.597260
0.549850
0.583893
0.671021
0.413513
0.648148
0.524597
0.706345
0.406723
0.405121
0.591949
0.652390
0.293976
0.494278
0.525696
0.399551
0.534241
0.314285
0.615417
0.678375
0.391281
0.407654
0.448837
0.417236
0.579834
0.602814
0.530930
0.577286
0.404785
0.587555
0.568329
0.446182
0.594452
0.491241
0.546158
0.548691
0.422958
0.585083
0.428207
0.603882
0.392715
0.445099
0.478714
0.485306
0.560547
0.708725
0.311249
0.523727
0.630341
0.521011
0.550461
0.488632
0.559128
0.502594
0.432526
0.465363
0.595261
0.393448
0.391968
0.512466
0.521576
0.559631
0.392639
0.506393
0.580643
0.392151
0.513519
0.647324
0.487045
0.487213
0.587845
0.504181
0.428711
0.437958
0.407501
0.557159
0.545975
0.492828
0.430466
0.469803
0.558487
0.506378
0.405960
0.631927
0.657532
0.540909
0.576294
0.463501
0.590637
0.541077
0.448425
0.465240
0.482681
0.491013
0.566422
0.424149
0.518829
0.387024
0.441788
0.320694
0.357574
0.458954
0.347290
0.488327
0.543396
0.503983
0.421402
0.501205
0.571732
0.643127
0.675171
0.560379
0.596848
0.618515
0.487228
0.470795
0.371170
0.443253
0.431305
0.556183
0.410294
0.418564
0.479095
0.474792
0.625305
0.508347
0.561005
0.516617
0.680222
0.646133
0.518143
0.553543
0.613663
0.529877
0.499741
0.535889
0.410843
0.269150
0.406845
0.370148
0.323532
0.460815
0.355515
0.440536
0.489059
0.542908
0.625824
0.581772
0.467728
0.373276
0.375000
0.684143
0.747803
0.346359
0.479309
0.491913
0.697800
0.414764
0.425171
0.603500
0.587509
0.421066
0.504654
0.494553
0.491592
0.551254
0.332657
0.732864
0.394958
0.454239
0.572144
0.498169
0.591583
0.484207
0.398911
0.628616
0.433762
0.714462
0.448837
0.550568
0.529572
0.490219
0.552704
0.618973
0.578781
0.632614
0.404099
0.459747
0.579346
0.443771
0.591644
0.452972
0.355682
0.525726
0.468704
0.506927
0.490555
0.448837
0.556442
0.353027
0.480011
0.564041
0.550476
0.478714
0.473740
0.500626
0.313263
0.644699
0.473526
0.409012
0.423416
0.467560
0.404129
0.538177
0.599335
0.465164
0.574051
0.475708
0.461075
0.454697
0.505875
0.507523
0.546448
0.460220
0.462280
0.460587
0.492767
0.507812
0.459305
0.555161
0.502396
0.544296
0.495041
0.424072
0.505722
0.524475
0.491226
0.550018
0.489578
0.437744
0.554016
0.566162
0.442520
0.520676
0.509399
0.527649
0.437851
0.566330
0.526505
0.445175
0.509399
0.535873
0.443649
0.492355
0.519333
0.472946
0.498108
0.504807
0.471848
0.505280
0.513168
0.426208
0.507080
0.451935
0.487762
0.455185
0.493988
0.476334
0.517731
0.517548
0.472443
0.527771
0.475952
0.495987
0.485840
0.522141
0.422821
0.475830
0.460892
0.463760
0.548859
0.510056
0.475281
0.432053
0.538422
0.442184
0.533203
0.514832
0.513779
0.516037
0.530518
0.501495
0.436447
0.501480
0.494568
0.520309
0.515991
0.516083
0.491165
0.517731
0.449554
0.485428
0.557556
0.535217
0.512802
0.514923
0.478027
0.530640
0.485062
0.479965
0.486786
0.494690
0.502975
0.437485
0.541122
0.474091
0.493286
0.439575
0.530914
0.500763
0.500381
0.508835
0.487762
0.512711
0.507095
0.519989
0.507187
0.491806
0.498535
0.496094
0.511505
0.517700
0.498428
0.515228
0.502167
0.487137
0.446014
0.477173
0.478836
0.506439
0.488586
0.476410
0.484375
0.528366
0.519150
0.403732
0.468094
0.453842
0.494888
0.488464
0.496613
0.523987
0.551514
0.518402
0.494156
0.467133
0.448868
0.450653
0.479385
0.509079
0.480331
0.501221
0.483658
0.507812
0.504135
0.498764
0.535507
0.484177
0.506958
0.502228
0.525101
0.436447
0.529770
0.530975
0.438568
0.529831
0.489532
0.490814
0.487534
0.481140
0.518509
0.520157
0.477325
0.515610
0.519211
0.508102
0.488434
0.468750
0.500824
0.451233
0.495438
0.498917
0.572968
0.490158
0.518906
0.496780
0.513428
0.529770
0.464706
0.459976
0.515686
0.502365
0.511627
0.488388
0.466309
0.527588
0.468292
0.460464
0.506714
0.497025
0.529907
0.500946
0.506622
0.493378
0.468918
0.573837
0.459427
0.471497
0.534744
0.505142
0.515564
0.518341
0.477615
0.506119
0.470917
0.478378
0.517532
0.506638
0.465057
0.541245
0.511292
0.472488
0.495697
0.484497
0.485260
0.483200
0.485886
0.534973
0.507111
0.501404
0.518417
0.485413
0.491913
0.478882
0.480850
0.504349
0.492889
0.496811
0.536499
0.500839
0.485703
0.509323
0.454865
0.493011
0.496323
0.496902
0.501572
0.482529
0.514465
0.562393
0.543991
0.515839
0.512207
0.517136
0.446442
0.493652
0.484131
0.509567
0.544434
0.513229
0.527328
0.477493
0.464890
0.504868
0.493774
0.498932
0.498657
0.414627
0.526794
0.485046
0.519516
0.515076
0.490219
0.511948
0.455246
0.511765
0.472778
0.522507
0.461685
0.503021
0.497391
0.476212
0.545029
0.459778
0.514130
0.471298
0.515991
0.503448
0.514221
0.490494
0.500839
0.557526
0.420197
0.498627
0.471497
0.566498
0.464661
0.503799
0.448334
0.527313
0.488510
0.468872
0.503494
0.454819
0.534943
0.533600
0.551727
0.470642
0.515778
0.512848
0.518463
0.494736
0.476471
0.494263
0.499283
0.557892
0.492523
0.472336
0.469803
0.455612
0.509949
0.520996
0.543167
0.464447
0.472519
0.464188
0.501328
0.502701
0.492294
0.495239
0.501801
0.504974
0.482162
0.507797
0.508331
0.486420
0.515808
0.519226
0.477081
0.524445
0.483810
0.501801
0.469498
0.506332
0.451828
0.526901
0.477112
0.446686
0.503143
0.501953
0.480316
0.473007
0.536224
0.420914
0.545227
0.508545
0.539169
0.458755
0.490356
0.520844
0.523834
0.493530
0.438446
0.542175
0.448761
0.485748
0.408020
0.421188
0.453888
0.507568
0.527786
0.523392
0.494049
0.502609
0.517685
0.511353
0.477020
0.506073
0.557053
0.516144
0.521027
0.492706
0.434525
0.502457
0.500229
0.474838
0.449539
0.553177
0.496399
0.472900
0.491333
0.460098
0.527924
0.508713
0.514252
0.509384
0.537750
0.490967
0.498245
0.507385
0.484314
0.492828
0.488541
0.470337
0.546783
0.521805
0.466644
0.487503
0.498383
0.504074
0.479919
0.519547
0.513504
0.493576
0.538818
0.523438
0.482025
0.508133
0.500610
0.491852
0.478241
0.464523
0.515244
0.474365
0.456741
0.511871
0.524017
0.520111
0.509842
0.500839
0.491531
0.461777
0.512543
0.489456
0.502396
0.493683
0.552521
0.463379
0.501282
0.519592
0.495438
0.459305
0.506210
0.486099
0.516937
0.494232
0.490829
0.538589
0.480255
0.466309
0.509384
0.476364
0.489609
0.510849
0.484680
0.499298
0.515106
0.480530
0.444977
0.480804
0.542603
0.473923
0.458633
0.546829
0.496979
0.492233
0.514633
0.470108
0.507462
0.515640
0.464951
0.506989
0.531143
0.474060
0.470825
0.477722
0.483749
0.506439
0.501221
0.533646
0.519684
0.505936
0.498444
0.485703
0.483337
0.489273
0.510254
0.503021
0.545761
0.484955
0.534286
0.497849
0.499924
0.454010
0.502701
0.492584
0.501083
0.528168
0.495544
0.508469
0.434296
0.546555
0.443359
0.482452
0.461700
0.519669
0.510620
0.529221
0.556686
0.483719
0.530884
0.475464
0.569763
0.527130
0.488831
0.498672
0.440750
0.570786
0.465942
0.447052
0.464325
0.522598
0.445038
0.503708
0.495102
0.494431
0.506180
0.491608
0.582596
0.471054
0.514236
0.481216
0.490250
0.505341
0.535339
0.429367
0.484604
0.501572
0.532761
0.506592
0.412033
0.548721
0.415787
0.457764
0.543274
0.480438
0.472214
0.537292
0.464066
0.526047
0.474213
0.497070
0.502701
0.486771
0.526001
0.457443
0.483597
0.481094
0.491455
0.519104
0.489456
0.529068
0.460419
0.508636
0.460938
0.512390
0.506546
0.511932
0.517151
0.478729
0.542953
0.480881
0.488022
0.474197
0.506546
0.512558
0.483963
0.513657
0.504959
0.516113
0.491730
0.529678
0.501984
0.529160
0.492432
0.470444
0.494690
0.497345
0.491577
0.486420
0.524857
0.520264
0.489853
0.510437
0.527237
0.533066
0.492142
0.534348
0.490845
0.509003
0.500214
0.520172
0.523895
0.483078
0.536469
0.461380
0.530655
0.474594
0.536209
0.465912
0.427429
0.532715
0.484024
0.490845
0.480911
0.579193
0.415756
0.444992
0.472778
0.508255
0.412628
0.527466
0.402374
0.428543
0.496323
0.491089
0.538132
0.475067
0.559357
0.474777
0.459854
0.491180
0.483444
0.480911
0.476944
0.473190
0.488983
0.529083
0.448334
0.538605
0.508087
0.464020
0.473343
0.516190
0.513336
0.434402
0.562546
0.498596
0.525299
0.459030
0.479233
0.542679
0.465103
0.564972
0.546463
0.477219
0.479523
0.592850
0.436691
0.484055
0.556549
0.517853
0.496567
0.481384
0.458084
0.507019
0.488510
0.514053
0.513855
0.509293
0.532272
0.492264
0.532364
0.463638
0.490982
0.472244
0.482025
0.492981
0.505264
0.532379
0.503067
0.540863
0.480133
0.491913
0.489090
0.488937
0.461716
0.513748
0.498566
0.501938
0.479874
0.477081
0.505844
0.495209
0.519608
0.514694
0.496002
0.506332
0.494171
0.485306
0.494080
0.496231
0.489929
0.512115
0.478653
0.526367
0.491287
0.449905
0.511444
0.536575
0.490082
0.507126
0.477692
0.477524
0.509628
0.520813
0.499573
0.506256
0.385239
0.486694
0.473160
0.494110
0.534851
0.475922
0.505997
0.555466
0.480515
0.447113
0.560547
0.511276
0.450562
0.521729
0.467804
0.509964
0.514282
0.502960
0.440002
0.526672
0.482697
0.456772
0.532547
0.492966
0.503098
0.491745
0.539871
0.523880
0.422104
0.535568
0.444122
0.505600
0.539215
0.546371
0.554596
0.516556
0.435196
0.500107
0.552231
0.554749
0.484024
0.486679
0.497772
0.487122
0.536697
0.430893
0.481323
0.570877
0.501404
0.508560
0.550049
0.524323
0.391388
0.553818
0.478012
0.501633
0.503922
0.439865
0.499176
0.515549
0.517410
0.490326
0.503159
0.478455
0.495682
0.550583
0.516891
0.468109
0.532990
0.536392
0.518829
0.570984
0.456696
0.478577
0.516541
0.457947
0.513031
0.527374
0.452408
0.541885
0.561005
0.419220
0.502228
0.520874
0.528091
0.494995
0.492981
0.468719
0.457779
0.472229
0.500046
0.506638
0.445145
0.462997
0.551132
0.523010
0.550629
0.467194
0.447800
0.522217
0.498489
0.484344
0.420761
0.452927
0.437729
0.565277
0.495590
0.456116
0.491928
0.500336
0.512680
0.499237
0.528976
0.456955
0.501358
0.504898
0.479568
0.468002
0.494446
0.503983
0.497192
0.521652
0.455841
0.490616
0.514160
0.481903
0.475296
0.512589
0.494919
0.497452
0.561340
0.462646
0.487274
0.501053
0.476715
0.485901
0.477066
0.459259
0.498932
0.525742
0.489059
0.508011
0.516846
0.487823
0.521149
0.486542
0.478622
0.486649
0.531265
0.491348
0.500198
0.496567
0.487671
0.502350
0.490906
0.469040
0.516434
0.503006
0.494507
0.511169
0.471863
0.510605
0.439087
0.523880
0.500534
0.558929
0.534363
0.491669
0.530319
0.474335
0.494858
0.461258
0.506226
0.479141
0.537918
0.499634
0.502686
0.541107
0.491287
0.511414
0.478317
0.503479
0.481567
0.522873
0.491913
0.499420
0.502319
0.490997
0.511536
0.483383
0.493561
0.467224
0.492020
0.512878
0.502472
0.518784
0.513260
0.482620
0.515762
0.496689
0.488525
0.544067
0.522003
0.437744
0.517288
0.456161
0.454498
0.507919
0.503784
0.498596
0.545471
0.532364
0.479309
0.550674
0.424759
0.502518
0.520248
0.556335
0.496536
0.519043
0.476364
0.500732
0.573898
0.482162
0.554474
0.527405
0.533127
0.542877
0.476639
0.509186
0.452698
0.512512
0.494797
0.509796
0.474380
0.498932
0.474594
0.516068
0.506226
0.450302
0.520569
0.489410
0.489365
0.491791
0.560211
0.468140
0.603455
0.522217
0.542343
0.484833
0.512512
0.484344
0.491989
0.502914
0.493698
0.501053
0.435135
0.487427
0.510574
0.550171
0.463974
0.501831
0.497101
0.484726
0.517700
0.481201
0.488708
0.490997
0.503204
0.508041
0.505432
0.543289
0.485596
0.522049
0.453339
0.479797
0.507294
0.492844
0.508133
0.490601
0.530365
0.490967
0.528992
0.442337
0.511108
0.481339
0.498398
0.495789
0.503296
0.518738
0.500046
0.505020
0.462036
0.504776
0.447296
0.466248
0.463699
0.487167
0.478882
0.512390
0.508316
0.513565
0.516327
0.472260
0.496277
0.489792
0.455002
0.492615
0.493179
0.489120
0.561783
0.509262
0.473984
0.445862
0.452576
0.436569
0.439896
0.552856
0.562317
0.538589
0.526245
0.533432
0.434067
0.558929
0.446533
0.467651
0.479309
0.552231
0.429184
0.525131
0.488129
0.557648
0.525238
0.469711
0.533218
0.431671
0.537064
0.508362
0.463974
0.468613
0.510849
0.545044
0.478989
0.499268
0.525116
0.491699
0.470261
0.505478
0.499222
0.469391
0.525101
0.509369
0.513962
0.494598
0.538467
0.504517
0.488907
0.515167
0.505112
0.509308
0.468307
0.441849
0.522034
0.501465
0.496780
0.529083
0.568542
0.395203
0.526321
0.406616
0.434464
0.435226
0.569473
0.515701
0.496277
0.485580
0.505646
0.539307
0.523331
0.433884
0.508804
0.451859
0.518936
0.496017
0.531219
0.481796
0.504608
0.519455
0.503036
0.514664
0.480072
0.506882
0.468994
0.514832
0.498199
0.508408
0.510910
0.477051
0.507401
0.479706
0.536072
0.480103
0.522644
0.474136
0.533539
0.522980
0.490051
0.532028
0.509079
0.491074
0.520172
0.489014
0.453842
0.502548
0.567520
0.484055
0.491333
0.440857
0.532272
0.414124
0.571487
0.501373
0.530502
0.460876
0.559647
0.553818
0.468979
0.555222
0.405396
0.516754
0.535156
0.477066
0.523819
0.421646
0.597107
0.462601
0.482590
0.578156
0.476120
0.521149
0.487122
0.445023
0.469528
0.502884
0.548828
0.445053
0.559326
0.512955
0.480957
0.520523
0.495911
0.563538
0.407974
0.541565
0.515610
0.436066
0.578613
0.454529
0.430084
0.537949
0.537155
0.477020
0.498795
0.550903
0.467499
0.476242
0.517532
0.508118
0.509125
0.502792
0.476929
0.506729
0.505005
0.473907
0.577942
0.449249
0.388367
0.478607
0.518738
0.494858
0.542206
0.490524
0.428787
0.496719
0.518692
0.502960
0.493744
0.489120
0.436401
0.509506
0.502625
0.480515
0.540070
0.504929
0.503769
0.463791
0.507523
0.531342
0.529816
0.461380
0.588989
0.522949
0.524384
0.473648
0.507141
0.473969
0.497986
0.498703
0.391708
0.506180
0.514938
0.507141
0.516724
0.484970
0.522720
0.579559
0.473434
0.531418
0.511414
0.528931
0.475464
0.503342
0.493698
0.473862
0.517929
0.512375
0.421539
0.497818
0.534729
0.492111
0.487854
0.559891
0.457336
0.487595
0.501923
0.522156
0.560074
0.454224
0.492813
0.485947
0.486938
0.457809
0.478088
0.465622
0.483551
0.500015
0.523544
0.498947
0.486816
0.533951
0.485107
0.508026
0.470108
0.508133
0.524261
0.508514
0.507401
0.462769
0.520096
0.519257
0.518860
0.508942
0.530212
0.493637
0.502716
0.498962
0.505127
0.533707
0.489929
0.467621
0.484100
0.495850
0.474594
0.544556
0.514252
0.415833
0.521652
0.451309
0.439011
0.530258
0.501328
0.566788
0.548798
0.556900
0.456009
0.497467
0.444016
0.498718
0.476883
0.484604
0.528259
0.521393
0.554276
0.466965
0.481018
0.381927
0.511871
0.483871
0.454056
0.539139
0.508774
0.526505
0.492096
0.542267
0.443298
0.491089
0.471619
0.510468
0.539795
0.495560
0.480484
0.500259
0.539047
0.469757
0.487289
0.471313
0.475693
0.518890
0.501190
0.497452
0.438004
0.457626
0.525040
0.555542
0.477921
0.488266
0.525894
0.477524
0.545975
0.485611
0.425186
0.455460
0.513931
0.546295
0.426392
0.461380
0.569504
0.557663
0.348969
0.493484
0.443405
0.538803
0.527023
0.547852
0.487549
0.359543
0.584549
0.493515
0.424225
0.500549
0.584396
0.574127
0.524399
0.562744
0.444061
0.526703
0.545151
0.476776
0.473175
0.549286
0.474503
0.573761
0.618317
0.477814
0.459442
0.470581
0.430008
0.441071
0.475388
0.492767
0.511017
0.397186
0.483841
0.539429
0.588196
0.606415
0.516235
0.507141
0.421936
0.423035
0.437714
0.503296
0.510025
0.458237
0.473282
0.479187
0.639252
0.421127
0.345779
0.535477
0.674072
0.449417
0.481384
0.450394
0.525406
0.585083
0.531479
0.478561
0.421799
0.579880
0.252274
0.504959
0.438293
0.537140
0.554581
0.542130
0.418839
0.428070
0.489151
0.465744
0.444473
0.516235
0.514282
0.540619
0.506424
0.450989
0.481323
0.367493
0.448608
0.647278
0.457413
0.676712
0.404556
0.516129
0.427429
0.620117
0.549088
0.518066
0.500900
0.424316
0.673965
0.551270
0.451920
0.485855
0.368896
0.536209
0.623428
0.602112
0.640854
0.584671
0.494766
0.505081
0.472382
0.697617
0.449509
0.390015
0.574265
0.559692
0.395844
0.438812
0.550751
0.476913
0.370132
0.467514
0.484451
0.501556
0.431854
0.541534
0.525894
0.524612
0.462860
0.594177
0.581543
0.434219
0.578796
0.642487
0.438370
0.430176
0.421753
0.600433
0.506149
0.348770
0.582886
0.529922
0.546753
0.452591
0.476898
0.599091
0.442780
0.568344
0.585480
0.550171
0.357254
0.566055
0.484116
0.576096
0.513016
0.393219
0.706619
0.485901
0.507477
0.680588
0.681107
0.293884
0.355316
0.517426
0.489410
0.473557
0.493164
0.543274
0.536362
0.497330
0.395844
0.528702
0.794510
0.388275
0.391281
0.377808
0.510757
0.425583
0.585236
0.630829
0.403137
0.510712
0.409760
0.437820
0.486923
0.445892
0.576965
0.509750
0.447586
0.324554
0.452454
0.499207
0.403305
0.560501
0.533691
0.560822
0.478851
0.461456
0.583435
0.476105
0.594604
0.401871
0.477844
0.438568
0.553284
0.499496
0.548141
0.560562
0.550629
0.630478
0.444183
0.476822
0.516312
0.331467
0.570679
0.567169
0.546875
0.617020
0.551453
0.370392
0.487350
0.450546
0.408386
0.444870
0.388977
0.444580
0.453247
0.516495
0.611343
0.573624
0.411804
0.325211
0.661530
0.476898
0.422241
0.575272
0.366074
0.444366
0.427643
0.574127
0.391632
0.343063
0.592529
0.362076
0.429886
0.578140
0.423111
0.552994
0.529480
0.431091
0.601212
0.612411
0.375900
0.578827
0.651901
0.345642
0.394211
0.646301
0.497696
0.448349
0.467346
0.413788
0.554138
0.477280
0.531677
0.515961
0.679092
0.473572
0.615219
0.602951
0.544144
0.523422
0.445541
0.498077
0.473022
0.587006
0.453842
0.477341
0.514359
0.423065
0.426743
0.395248
0.470215
0.469681
0.485031
0.418213
0.509857
0.518875
0.423386
0.465210
0.495422
0.312531
0.442078
0.471237
0.449631
0.615067
0.460663
0.418167
0.455154
0.492157
0.525894
0.529083
0.523880
0.415207
0.579727
0.521225
0.389236
0.546997
0.442169
0.477386
0.479752
0.503220
0.472733
0.615524
0.459076
0.384201
0.549911
0.442078
0.357742
0.407059
0.737350
0.551620
0.436478
0.577576
0.391052
0.436996
0.624802
0.418732
0.741821
0.341782
0.452728
0.506241
0.368683
0.558151
0.521255
0.379990
0.318344
0.692520
0.490906
0.600784
0.355225
0.176346
0.453674
0.367004
0.529282
0.397934
0.370392
0.364304
0.763290
0.523376
0.350494
0.517532
0.518204
0.432785
0.537613
0.505829
0.515945
0.562317
0.552017
0.471146
0.673492
0.421570
0.426102
0.685913
0.498123
0.599243
0.457932
0.621323
0.510239
0.310349
0.437332
0.345901
0.466034
0.616074
0.531311
0.615524
0.547562
0.403976
0.485611
0.399323
0.535385
0.614746
0.523407
0.351532
0.678284
0.497864
0.410385
0.503922
0.455780
0.529602
0.676376
0.478409
0.490692
0.580139
0.489563
0.471634
0.603424
0.611435
0.593750
0.607178
0.370956
0.539902
0.496490
0.511993
0.409012
0.456635
0.334000
0.563782
0.417618
0.440704
0.435623
0.630142
0.501755
0.476028
0.587830
0.513367
0.730591
0.395020
0.501892
0.480972
0.501953
0.491516
0.226425
0.486923
0.581879
0.521637
0.585785
0.446228
0.361633
0.462723
0.620056
0.303436
0.597137
0.446350
0.491623
0.471695
0.497437
0.488342
0.491150
0.491898
0.385834
0.692215
0.449829
0.498871
0.454971
0.509109
0.513565
0.617783
0.505142
0.545731
0.478821
0.363220
0.608734
0.499115
0.485489
0.312225
0.406998
0.541046
0.575455
0.463364
0.599258
0.482925
0.489334
0.376053
0.529465
0.548553
0.304855
0.397552
0.409927
0.559723
0.413116
0.361618
0.509308
0.533218
0.586044
0.462082
0.542252
0.426010
0.491669
0.561371
0.778931
0.462296
0.409653
0.535599
0.491302
0.428864
0.490234
0.534225
0.659180
0.408951
0.408844
0.505142
0.680115
0.374496
0.407028
0.491730
0.489990
0.537582
0.510468
0.491287
0.526184
0.488983
0.533661
0.573593
0.356384
0.346924
0.392593
0.586380
0.565933
0.479492
0.491348
0.531631
0.574173
0.524139
0.498398
0.548630
0.491913
0.254379
0.541122
0.506638
0.476334
0.431030
0.409500
0.474915
0.649460
0.732819
0.286224
0.378860
0.616486
0.585892
0.551834
0.412292
0.362534
0.655289
0.451157
0.345886
0.573486
0.545334
0.595520
0.478607
0.483978
0.441345
0.435349
0.529968
0.483765
0.513794
0.451019
0.565384
0.533569
0.511047
0.378967
0.346252
0.465225
0.482056
0.373489
0.350327
0.592804
0.710724
0.551376
0.576187
0.436752
0.638474
0.565048
0.547714
0.536392
0.556076
0.472122
0.453522
0.547409
0.504959
0.623398
0.548965
0.627228
0.417877
0.652283
0.465561
0.390121
0.627792
0.342056
0.767670
0.620193
0.436310
0.465179
0.599701
0.505341
0.505646
0.451706
0.498520
0.629349
0.404877
0.228561
0.543320
0.355118
0.538910
0.537277
0.661224
0.585068
0.502869
0.333969
0.354538
0.638809
0.511566
0.309189
0.284393
0.678543
0.485367
0.341934
0.466156
0.614975
0.490509
0.617432
0.438431
0.481155
0.674362
0.548965
0.434280
0.478638
0.499176
0.253555
0.267807
0.358978
0.651718
0.512726
0.395157
0.482437
0.490799
0.410110
0.393478
0.371017
0.403702
0.450058
0.547531
0.535416
0.461578
0.357468
0.441452
0.623932
0.505600
0.372391
0.669327
0.532547
0.591522
0.476166
0.358658
0.498062
0.567474
0.562836
0.504929
0.471207
0.477631
0.477921
0.560364
0.615997
0.532242
0.428391
0.592209
0.796783
0.492111
0.518219
0.425644
0.395096
0.678131
0.522736
0.445786
0.622742
0.464035
0.401077
0.597656
0.456741
0.474167
0.597305
0.610870
0.466797
0.526443
0.481415
0.520523
0.626266
0.416550
0.433853
0.522476
0.412735
0.445526
0.699051
0.637054
0.385727
0.614182
0.375290
0.376221
0.460358
0.570465
0.449463
0.453537
0.427002
0.445801
0.402603
0.618240
0.433289
0.489807
0.558517
0.468094
0.479706
0.525436
0.402069
0.436356
0.620361
0.378479
0.401276
0.614761
0.433014
0.534836
0.697784
0.448868
0.577515
0.530136
0.378098
0.519943
0.727722
0.421478
0.529129
0.552933
0.579346
0.601471
0.491898
0.553284
0.644836
0.366547
0.598083
0.513275
0.370056
0.433975
0.565948
0.413147
0.593048
0.501663
0.472488
0.721359
0.323669
0.627792
0.519058
0.533463
0.473587
0.427551
0.627777
0.342224
0.465179
0.394333
0.343506
0.456741
0.559250
0.373276
0.391693
0.507416
0.517014
0.679932
0.550980
0.383240
0.550537
0.449738
0.506424
0.413406
0.479950
0.400803
0.498734
0.657166
0.541138
0.248108
0.463562
0.632431
0.416580
0.341843
0.585541
0.500275
0.614120
0.450363
0.591156
0.504288
0.429016
0.529343
0.546570
0.419357
0.384491
0.550262
0.499329
0.613708
0.509140
0.487167
0.459045
0.518234
0.456543
0.459290
0.335526
0.539688
0.639755
0.526611
0.552063
0.461945
0.447235
0.573471
0.439148
0.439789
0.541367
0.328354
0.338852
0.572861
0.465622
0.368805
0.664886
0.605164
0.452133
0.536942
0.458847
0.593887
0.598785
0.712311
0.634155
0.664017
0.602982
0.484558
0.372833
0.408920
0.362839
0.455521
0.446869
0.476196
0.504852
0.580292
0.440887
0.646698
0.500290
0.485901
0.236572
0.382812
0.560638
0.451889
0.458984
0.511902
0.520264
0.606674
0.507919
0.576813
0.503754
0.610535
0.232681
0.390503
0.530533
0.633728
0.677002
0.622925
0.606049
0.507843
0.435165
0.497360
0.580521
0.424423
0.466583
0.497253
0.574448
0.467728
0.407120
0.589615
0.579697
0.491882
0.523758
0.612747
0.428375
0.365143
0.505066
0.484970
0.546280
0.389297
0.422928
0.733459
0.613708
0.445282
0.584503
0.466904
0.484070
0.425934
0.462601
0.604416
0.637009
0.515198
0.509384
0.548676
0.562485
0.452560
0.532562
0.550964
0.489197
0.431305
0.543457
0.562943
0.622757
0.482025
0.485596
0.505112
0.627304
0.450287
0.473877
0.534943
0.437683
0.537979
0.541290
0.401138
0.542984
0.619568
0.486328
0.451080
0.546432
0.516083
0.408234
0.397324
0.353806
0.466080
0.411133
0.667435
0.517044
0.476105
0.598877
0.485306
0.483475
0.432373
0.482330
0.443359
0.598816
0.468918
0.535278
0.345749
0.496445
0.509949
0.512268
0.485855
0.397110
0.529587
0.486725
0.534531
0.485077
0.425797
0.472305
0.405212
0.663116
0.569229
0.508896
0.500092
0.501831
0.607941
0.592117
0.587585
0.464371
0.644135
0.354309
0.636826
0.537338
0.558701
0.547729
0.346970
0.537186
0.627289
0.560028
0.491562
0.467499
0.413879
0.500992
0.334381
0.340256
0.401596
0.591049
0.555542
0.431213
0.528549
0.559570
0.347122
0.441498
0.514313
0.448929
0.478577
0.425156
0.517105
0.552078
0.395020
0.457214
0.383255
0.438477
0.530762
0.598587
0.454681
0.413910
0.479843
0.533524
0.548035
0.429337
0.367477
0.722870
0.561584
0.506927
0.459930
0.536682
0.661743
0.606903
0.536423
0.514908
0.555969
0.418625
0.494507
0.530151
0.521347
0.546356
0.500870
0.438904
0.528091
0.565384
0.365646
0.581635
0.485291
0.476791
0.627472
0.524887
0.482773
0.502457
0.456909
0.526520
0.529587
0.582382
0.479324
0.619461
0.449799
0.364090
0.612015
0.421173
0.536911
0.580429
0.389084
0.438644
0.613297
0.538147
0.508621
0.526901
0.441101
0.549881
0.566681
0.426941
0.516052
0.511871
0.441071
0.531204
0.542587
0.455322
0.549515
0.468124
0.495636
0.517273
0.519958
0.499680
0.485199
0.530991
0.498047
0.526459
0.487671
0.527725
0.537933
0.489105
0.520950
0.424164
0.431946
0.520142
0.379990
0.491653
0.514618
0.473801
0.509644
0.561768
0.492798
0.473358
0.524780
0.418747
0.525116
0.478149
0.488007
0.516663
0.447983
0.477219
0.505203
0.537247
0.441422
0.576782
0.441956
0.479309
0.525116
0.487976
0.494019
0.497314
0.515198
0.447845
0.557068
0.484726
0.457718
0.524414
0.471298
0.451416
0.464935
0.511887
0.429214
0.563477
0.510162
0.472183
0.491745
0.517044
0.476181
0.539719
0.500107
0.466949
0.464645
0.486374
0.495773
0.516968
0.551346
0.546295
0.446808
0.527298
0.440704
0.499710
0.456985
0.515717
0.520157
0.562424
0.453125
0.500412
0.471848
0.548203
0.524353
0.491989
0.471024
0.520798
0.402740
0.598465
0.508713
0.495209
0.501968
0.492035
0.460800
0.548721
0.557739
0.418518
0.588852
0.484238
0.438980
0.473923
0.506088
0.456757
0.547150
0.565689
0.423050
0.495789
0.485367
0.446091
0.488358
0.505447
0.446991
0.488190
0.500809
0.472183
0.546066
0.525803
0.495544
0.480606
0.520065
0.482956
0.512955
0.463760
0.492966
0.484940
0.497253
0.482529
0.526917
0.543472
0.513794
0.464645
0.457520
0.534790
0.478790
0.480591
0.529480
0.498581
0.442673
0.484726
0.479431
0.488358
0.500229
0.511734
0.454285
0.515823
0.509201
0.501541
0.597900
0.487961
0.460129
0.481537
0.488968
0.492691
0.509048
0.453598
0.566895
0.450348
0.489563
0.512222
0.430222
0.533340
0.505402
0.459167
0.494781
0.491241
0.566498
0.503418
0.483063
0.557510
0.461349
0.505173
0.465225
0.466278
0.501556
0.522797
0.545700
0.491547
0.490814
0.493774
0.468155
0.497360
0.455643
0.475693
0.460434
0.493698
0.561584
0.472046
0.463089
0.549942
0.530731
0.468079
0.506622
0.457367
0.529129
0.482773
0.467773
0.534866
0.477325
0.452179
0.480301
0.515167
0.545242
0.482666
0.506760
0.546295
0.489029
0.466125
0.512436
0.454407
0.533203
0.504700
0.474548
0.504486
0.527649
0.516922
0.399368
0.541153
0.480164
0.423965
0.527557
0.498627
0.461655
0.518829
0.516708
0.518341
0.522598
0.556641
0.470840
0.530701
0.433380
0.542007
0.492813
0.513153
0.469147
0.526627
0.461365
0.489532
0.542130
0.581406
0.491959
0.563934
0.457794
0.526306
0.415405
0.488190
0.537643
0.524597
0.486130
0.557800
0.556503
0.455200
0.482513
0.457870
0.478729
0.423737
0.527344
0.543793
0.528076
0.526489
0.479660
0.490601
0.399033
0.525467
0.444061
0.466461
0.505432
0.546387
0.420609
0.464722
0.515808
0.446671
0.481964
0.550751
0.524765
0.529907
0.497238
0.497498
0.450211
0.497528
0.466232
0.583572
0.461411
0.502853
0.503815
0.469177
0.437393
0.557892
0.508057
0.493912
0.579453
0.510956
0.483109
0.475693
0.455063
0.467148
0.506805
0.509384
0.445923
0.543015
0.553268
0.510376
0.549576
0.498032
0.466278
0.482834
0.490479
0.450867
0.519745
0.446075
0.494461
0.508667
0.547012
0.552887
0.479294
0.495651
0.502914
0.474030
0.447769
0.535645
0.533661
0.500778
0.534729
0.508820
0.498489
0.449997
0.573624
0.442505
0.557907
0.503647
0.498215
0.557678
0.445007
0.522644
0.444031
0.496124
0.485687
0.504913
0.451309
0.450439
0.525162
0.485535
0.513992
0.552963
0.418243
0.505966
0.507507
0.537628
0.462173
0.484406
0.485504
0.412292
0.514252
0.483383
0.629425
0.455521
0.439743
0.543900
0.532669
0.510513
0.521820
0.484177
0.512497
0.487778
0.496307
0.556641
0.496933
0.514786
0.492142
0.457367
0.529266
0.433655
0.512054
0.494156
0.446945
0.471024
0.574844
0.500275
0.541641
0.411270
0.504593
0.557526
0.477264
0.499161
0.551346
0.453781
0.499100
0.511597
0.513626
0.484421
0.485062
0.566727
0.510956
0.493729
0.524872
0.487488
0.519531
0.546646
0.468109
0.475876
0.529114
0.498413
0.515656
0.539642
0.451279
0.483566
0.532898
0.494247
0.484711
0.468506
0.585632
0.473618
0.446091
0.563126
0.461960
0.448547
0.488327
0.498978
0.497345
0.488770
0.431091
0.577911
0.507019
0.484390
0.540451
0.462952
0.460648
0.479858
0.483078
0.459213
0.393524
0.494080
0.475891
0.560272
0.498749
0.474182
0.451721
0.540298
0.571106
0.566833
0.493576
0.461044
0.414902
0.563141
0.513168
0.459412
0.459457
0.489563
0.499847
0.515396
0.453766
0.501450
0.453369
0.488739
0.478790
0.481354
0.486176
0.469818
0.437698
0.543091
0.503937
0.447021
0.517578
0.412766
0.485138
0.501068
0.504959
0.567581
0.548218
0.525375
0.518250
0.518143
0.428802
0.490005
0.521881
0.518646
0.563156
0.449600
0.544174
0.422302
0.616241
0.389374
0.547562
0.542740
0.475021
0.487564
0.496338
0.522385
0.440643
0.495590
0.468994
0.471512
0.496368
0.533997
0.516968
0.505798
0.485947
0.473267
0.413605
0.460617
0.516205
0.514435
0.473053
0.503021
0.442749
0.476898
0.526596
0.522095
0.498016
0.461609
0.555603
0.604187
0.495560
0.509872
0.516907
0.450348
0.507553
0.470078
0.507767
0.553131
0.447266
0.548859
0.439499
0.526276
0.440979
0.481049
0.466980
0.527512
0.569061
0.501923
0.573074
0.465332
0.512573
0.495499
0.537964
0.460815
0.486160
0.471939
0.491913
0.550735
0.467056
0.541092
0.506241
0.528320
0.498993
0.488708
0.496521
0.520248
0.541000
0.439453
0.514023
0.547913
0.480942
0.509995
0.492905
0.513367
0.503311
0.539948
0.493805
0.486435
0.478958
0.433029
0.533081
0.492783
0.494507
0.587097
0.438217
0.516495
0.453232
0.499329
0.526947
0.446655
0.401123
0.581619
0.490402
0.443268
0.514709
0.505005
0.506882
0.551163
0.457382
0.678543
0.439438
0.438766
0.526978
0.541016
0.433517
0.478607
0.531754
0.494507
0.483322
0.512436
0.458160
0.473938
0.483139
0.468155
0.510620
0.487900
0.431839
0.468185
0.531067
0.429245
0.466324
0.550568
0.457870
0.477417
0.491180
0.526627
0.470261
0.416183
0.484146
0.457825
0.491486
0.521072
0.541809
0.485123
0.477676
0.411789
0.472778
0.535843
0.553909
0.450684
0.437714
0.468842
0.502640
0.428955
0.553864
0.504166
0.492752
0.557037
0.475540
0.426254
0.499512
0.542603
0.501526
0.507507
0.598740
0.462311
0.480682
0.422607
0.543350
0.494522
0.515213
0.484482
0.534927
0.468109
0.534576
0.520752
0.503677
0.499054
0.447281
0.518433
0.470459
0.490829
0.435959
0.612289
0.477600
0.483612
0.482498
0.493942
0.401230
0.464828
0.511673
0.491760
0.475281
0.540070
0.602524
0.458054
0.519592
0.512329
0.438034
0.483658
0.521149
0.527969
0.436142
0.454651
0.487167
0.566101
0.540207
0.570404
0.517685
0.466904
0.470230
0.597015
0.559860
0.431396
0.551544
0.413376
0.492767
0.531082
0.468369
0.446609
0.473053
0.471344
0.450729
0.626724
0.482101
0.500290
0.482849
0.468918
0.500153
0.519318
0.484726
0.500885
0.514694
0.485962
0.480286
0.441605
0.523178
0.576782
0.422470
0.517624
0.512711
0.444031
0.476501
0.542450
0.473236
0.494644
0.590622
0.505478
0.479813
0.567871
0.488724
0.494614
0.559494
0.480988
0.521393
0.504181
0.460556
0.427750
0.599350
0.458084
0.427780
0.548294
0.516800
0.424011
0.564117
0.435257
0.424744
0.643707
0.523926
0.459579
0.454666
0.544586
0.458130
0.503647
0.551346
0.512253
0.469986
0.573639
0.422531
0.492462
0.526947
0.498901
0.418686
0.540710
0.496262
0.481491
0.563492
0.462296
0.509613
0.541458
0.516922
0.511658
0.473862
0.431931
0.473770
0.511749
0.525238
0.463013
0.491791
0.496811
0.481461
0.544769
0.563400
0.489685
0.455750
0.498047
0.517197
0.464493
0.520569
0.456955
0.563995
0.486542
0.561218
0.436829
0.567200
0.439468
0.506378
0.496933
0.506195
0.485382
0.507721
0.585632
0.495239
0.546768
0.451309
0.474777
0.512360
0.477371
0.521118
0.533676
0.541702
0.415741
0.580643
0.478683
0.460175
0.506516
0.489594
0.479019
0.504700
0.502182
0.475037
0.566849
0.457367
0.527161
0.493393
0.460602
0.497696
0.518661
0.485657
0.496201
0.551178
0.401672
0.567551
0.469849
0.442932
0.477264
0.560913
0.474289
0.527054
0.534088
0.480850
0.476486
0.493393
0.475998
0.506836
0.563095
0.545807
0.507126
0.528366
0.454697
0.517822
0.431854
0.505066
0.492920
0.538483
0.545792
0.502563
0.522690
0.473877
0.513824
0.398712
0.528809
0.434647
0.481216
0.477676
0.611359
0.512115
0.470154
0.531891
0.492111
0.476868
0.494904
0.509628
0.506744
0.485153
0.479828
0.481079
0.540421
0.485260
0.481018
0.512177
0.490768
0.418579
0.490540
0.513565
0.493973
0.540375
0.513138
0.508331
0.516800
0.424683
0.467422
0.499207
0.507187
0.517593
0.504547
0.503204
0.522705
0.504990
0.435410
0.460495
0.509338
0.496597
0.484406
0.537552
0.467529
0.600449
0.441620
0.501938
0.425339
0.557068
0.474899
0.469513
0.558914
0.518814
0.555832
0.472839
0.502243
0.414993
0.524048
0.483414
0.560226
0.514999
0.481018
0.530960
0.485764
0.539337
0.507294
0.467133
0.420807
0.505554
0.426834
0.506821
0.562958
0.498871
0.546631
0.490952
0.491226
0.432968
0.564285
0.522385
0.515991
0.504150
0.490295
0.501373
0.491516
0.452576
0.411377
0.528488
0.495209
0.485641
0.493362
0.519608
0.482834
0.531433
0.477631
0.490036
0.420349
0.519409
0.540131
0.501465
0.474426
0.545044
0.519379
0.510300
0.516846
0.475571
0.462601
0.567810
0.432419
0.539993
0.450516
0.503693
0.500931
0.446564
0.551468
0.503220
0.491714
0.444382
0.462723
0.461029
0.547607
0.510864
0.446152
0.513687
0.466660
0.532013
0.435318
0.461807
0.466919
0.525635
0.471542
0.465897
0.524887
0.505829
0.479095
0.470627
0.477112
0.539261
0.445770
0.523193
0.457336
0.500778
0.500092
0.516830
0.489716
0.504135
0.539322
0.481522
0.511017
0.572876
0.439041
0.565536
0.459778
0.501465
0.509277
0.512573
0.532608
0.449753
0.552505
0.483841
0.457458
0.529022
0.484711
0.485107
0.396637
0.504196
0.535965
0.498856
0.471359
0.494598
0.478500
0.476440
0.489517
0.529968
0.564957
0.495728
0.490189
0.433136
0.492950
0.504730
0.423798
0.409424
0.533798
0.505219
0.511261
0.424408
0.512741
0.516312
0.550873
0.525391
0.495224
0.515244
0.524658
0.485901
0.472198
0.505356
0.539215
0.502106
0.485199
0.455383
0.510086
0.495636
0.468597
0.553329
0.572098
0.526749
0.518188
0.477142
0.514496
0.468750
0.443069
0.479935
0.475494
0.515686
0.479889
0.490768
0.466080
0.503220
0.447311
0.551315
0.498383
0.550522
0.459808
0.477371
0.522491
0.528473
0.393631
0.451950
0.503143
0.479065
0.478531
0.502548
0.439728
0.454117
0.475952
0.525406
0.418304
0.475510
0.611115
0.468475
0.426727
0.473999
0.521729
0.464264
0.498016
0.485336
0.508179
0.509796
0.534714
0.418289
0.487396
0.563309
0.519562
0.475723
0.545319
0.446136
0.508911
0.449203
0.447098
0.566925
0.474640
0.362701
0.527191
0.500916
0.480209
0.550751
0.420563
0.488495
0.534897
0.579895
0.548126
0.534027
0.465057
0.443787
0.463120
0.594910
0.494553
0.572205
0.440521
0.492340
0.513702
0.551086
0.432648
0.500137
0.497803
0.480637
0.496552
0.461884
0.465118
0.542892
0.433548
0.537354
0.559708
0.422928
0.455704
0.505188
0.529358
0.472717
0.511002
0.457260
0.456116
0.559036
0.505783
0.437927
0.527512
0.501038
0.436356
0.564102
0.502106
0.507751
0.514420
0.541992
0.485718
0.463806
0.429016
0.448181
0.527267
0.541763
0.392349
0.465073
0.483627
0.522964
0.542557
0.438919
0.471832
0.522659
0.484924
0.477570
0.563049
0.500137
0.521957
0.542633
0.525116
0.417862
0.489563
0.541626
0.488953
0.484177
0.362747
0.519043
0.541000
0.489716
0.483246
0.509384
0.447357
0.539581
0.452042
0.553497
0.491699
0.458374
0.525696
0.483353
0.539337
0.536621
0.483932
0.516876
0.577805
0.496033
0.491577
0.547333
0.473618
0.526382
0.464325
0.494522
0.495010
0.491318
0.370026
0.396011
0.391068
0.429642
0.565964
0.506348
0.496628
0.517807
0.543655
0.512421
0.467789
0.399994
0.472900
0.556076
0.453873
0.510498
0.450165
0.541016
0.532928
0.497955
0.512543
0.523026
0.485840
0.487610
0.494034
0.469513
0.497650
0.499680
0.343918
0.537308
0.542831
0.558853
0.447388
0.528915
0.470444
0.481018
0.589554
0.480270
0.483551
0.513229
0.461594
0.419922
0.519058
0.488815
0.483215
0.468658
0.523071
0.489532
0.640579
0.545166
0.450607
0.516739
0.450653
0.526047
0.407867
0.448715
0.335220
0.429993
0.465088
0.377747
0.507172
0.476761
0.587692
0.572800
0.497955
0.594711
0.592621
0.518982
0.459808
0.439911
0.397446
0.521729
0.534470
0.551666
0.578857
0.508087
0.600204
0.447632
0.519745
0.435303
0.169464
0.295288
0.407700
0.366959
0.416153
0.437744
0.532333
0.544739
0.541168
0.436829
0.543137
0.439148
0.444595
0.429474
0.464996
0.575516
0.557968
0.466187
